# oST version 5.0 parameters


[image]

width
1920

height
1080

[narrow_stereo]

camera matrix
2651.127798 0.000000 819.397071
0.000000 2635.360938 896.163803
0.000000 0.000000 1.000000

distortion
-0.547933 0.004743 -0.037896 0.009403 0.000000

rectification
1.000000 0.000000 0.000000
0.000000 1.000000 0.000000
0.000000 0.000000 1.000000

projection
2407.709780 0.000000 801.603047 0.000000
0.000000 2544.697607 897.250521 0.000000
0.000000 0.000000 1.000000 0.000000
