# oST version 5.0 parameters


[image]

width
1920

height
1080

[narrow_stereo]

camera matrix
559.258761 0.000000 928.108242
0.000000 565.348774 518.787048
0.000000 0.000000 1.000000

distortion
-0.008838 -0.001424 -0.005013 0.000061 0.000000

rectification
1.000000 0.000000 0.000000
0.000000 1.000000 0.000000
0.000000 0.000000 1.000000

projection
535.711792 0.000000 924.086569 0.000000
0.000000 558.997375 510.222325 0.000000
0.000000 0.000000 1.000000 0.000000
